2.95078125
1.97890625
1.97890625
2.971875
0.99296875
2.9578125
2.95078125
2.95078125
3.94375
2.95078125
1.97890625
0.99296875
1.97890625
2.9507812500000004
1.9718749999999998
2.9507812500000004
1.97890625
1.9859375
3.9437500000000005
2.96484375
3.95078125
4.86640625
10.57109375
11.49375
6.6625000000000005
12.48671875
8.6203125
11.599218750000002
12.535937500000001
9.549999999999999
11.38828125
10.5359375
11.48671875
15.353124999999999
12.500781249999998
15.198437499999997
17.078906250000003
18.99453125
22.92421875
22.93125
22.713281249999998
25.657031249999992
29.228125000000006
30.446093749999996
30.396874999999994
31.185937499999998
27.685156250000002
28.720312500000002
28.5796875
31.530468750000008
32.284375000000004
32.460156250000004
32.319531250000004
30.558593750000004
31.284374999999997
36.2
34.99609375000001
39.90468749999999
32.22109375
31.4109375
34.249218750000004
34.13671874999999
35.178906250000004
32.2984375
36.95390625
36.79921875
39.0734375
38.8625
34.932812500000004
31.30546875
34.003125000000004
37.85546875000001
38.017187500000006
34.21406249999999
34.12265625
32.31953125
37.78515624999999
32.3828125
34.0734375
36.89765625
39.7359375
38.974999999999994
42.489843750000006
36.06640625
34.904687499999994
40.799218749999994
40.609375
38.82734375
34.85546874999999
37.8765625
39.72890625000001
36.37578124999999
39.75703125
42.426562499999996
43.525
40.65156250000001
38.85546875
37.0171875
42.55312500000001
38.91171875
34.96796875
39.65859375
35.0171875
35.932812500000004
40.581250000000004
40.34921874999999
40.53203125000001
41.80624999999999
38.038281250000004
39.679687500000014
42.588281249999994
39.70078125000001
43.356249999999996
43.50390625000001
37.82031250000001
42.5390625
39.57421875
40.75
37.92578124999999
37.03828125
36.06640624999999
37.6234375
38.88359375
37.10156250000001
39.595312500000006
36.14375
41.6234375
39.65859375
