2.95078125
1.97890625
2.94375
2.96484375
2.9437499999999996
4.92265625
2.95078125
4.92265625
2.971875
2.9296875
10.4796875
11.47265625
17.89609375
19.0296875
19.1421875
17.31796875
19.24765625
18.945312499999996
24.022656250000004
21.21953125
19.994531250000005
23.959375
23.001562500000002
29.628906250000007
25.713281250000005
28.607812500000005
23.853906249999998
30.502343749999998
32.249218750000004
30.44609375
28.650000000000002
33.1578125
34.30546875
34.14375
37.003125000000004
35.25625
35.890625
37.95390625
31.375781250000003
33.12265625
33.263281250000006
34.17890625
38.92578125000001
30.396875
35.14375
36.143750000000004
36.01718749999999
34.2140625
37.904687499999994
36.28437499999999
34.2
35.98906250000001
36.06640625000001
35.24218749999999
36.02421875
39.71484375000001
39.77109375
35.93984375
37.010156249999994
35.953906249999996
36.85546875000001
35.171875
35.17890625
37.0171875
38.975
39.721875000000004
33.15078125
36.911718750000006
37.897656250000004
36.897656250000004
37.75
39.609375
41.57421874999999
38.98203125
40.85546874999999
39.827343750000004
35.8625
35.1296875
38.72890625
36.89765625
37.939843749999994
36.82734375
32.37578125
39.728906249999994
38.79921875000001
35.08749999999999
31.460156249999997
35.27734375
36.96796875000001
34.228125
40.01718749999999
38.672656249999996
35.92578125
44.1734375
38.735937500000006
36.073437500000004
36.23515625
34.171875
39.70781250000001
38.806250000000006
37.7921875
39.85546875
37.88359375
39.82031249999999
39.5953125
35.99609374999999
38.02421875
36.93281250000001
35.16484375
36.08046875
36.0453125
39.7921875
36.88359375
34.25625
39.68671875
41.588281249999994
38.64453125
38.01015625000001
37.757031250000004
42.581250000000004
