0
0
0
0
0
0.9865
0
0.973
0.973
0.9865
0.973
0.9865
0
0
0.973
0.973
0
0
0.991
1.9595
0
1.9595
0
0.9865
0.9865
1.964
1.9775
2.9505
0.973
0
0
0.982
0
0.973
0
1.9685000000000001
1.973
2.9505
0.9145
3.919
0.9775
2.838
4.766
2.8335
4.793
3.919
8.757
7.6535
9.6355
12.5185
11.504999999999999
13.5275
13.540999999999999
13.459999999999999
13.540999999999997
17.334
13.473500000000001
13.585999999999999
13.491499999999998
14.347499999999998
13.4105
10.6355
12.594999999999999
14.590499999999999
9.6355
9.6985
7.8020000000000005
11.594999999999999
11.649
11.64
10.6535
12.613000000000001
15.469000000000001
12.585999999999999
17.4915
16.496
14.541000000000002
19.3835
14.558999999999997
15.55
13.613000000000001
15.585999999999999
15.5005
12.64
16.4465
18.2215
15.4735
19.343
20.284499999999998
15.469000000000001
21.0775
17.397
20.2035
18.288999999999998
17.325000000000003
23.077499999999997
17.356499999999993
26.74899999999999
27.5915
26.893
26.910999999999998
15.446500000000002
25.1675
18.298
24.054999999999996
21.221499999999995
22.0235
23.969499999999996
26.0235
22.176499999999997
24.014499999999995
21.244
20.252999999999997
21.248499999999996
17.3565
18.307000000000002
23.09999999999999
19.3385
27.996499999999994
20.136
22.0415
23.892999999999997
19.235000000000003
27.8165
23.140500000000003
21.1
21.108999999999998
