3.82
3.838
6.748
10.590499999999999
9.64
11.594999999999999
18.109
20.145
19.28
19.221500000000006
17.2575
25.789499999999997
20.136
27.735499999999995
23.892999999999994
27.74899999999999
24.005499999999994
25.798499999999997
25.785
24.8525
27.749
30.62299999999999
23.154000000000003
28.627499999999994
30.654499999999995
26.929
24.820999999999994
27.82999999999999
27.681499999999993
29.685999999999993
26.901999999999994
31.48349999999999
25.775999999999996
24.875
22.897499999999997
23.036999999999995
22.996500000000005
24.825499999999995
25.928999999999995
23.046
29.5465
26.604999999999993
22.095499999999998
25.731
25.82999999999999
25.906499999999998
25.11349999999999
27.730999999999995
20.172000000000004
32.267500000000005
27.668
27.74
24.897499999999997
25.83
26.618500000000008
25.919999999999998
21.974000000000004
30.528499999999994
22.987499999999994
27.677
23.776000000000003
22.1225
27.803000000000004
28.73999999999999
27.81650000000001
25.90199999999999
25.893000000000004
30.46999999999999
23.983000000000004
18.0775
26.807499999999997
23.969499999999993
23.987500000000004
24.780499999999993
24.023499999999995
28.78949999999999
24.888499999999997
26.793999999999993
24.072999999999997
29.744499999999995
27.605
25.784999999999997
23.983000000000004
26.758
20.108999999999998
23.0415
26.812
26.789499999999997
22.086500000000008
27.7175
32.577999999999996
29.766999999999996
26.659
24.915499999999994
25.991999999999997
26.6455
23.919999999999998
29.712999999999987
23.050499999999996
24.8165
30.361999999999995
32.60499999999999
28.582500000000003
29.496999999999993
33.3665
27.735499999999988
24.996499999999997
26.91099999999999
23.8795
29.694999999999993
28.677
28.672499999999992
30.55999999999999
33.42499999999999
26.852499999999992
27.82099999999999
