0
0
0
0
0
0.9865
0.9865
0
0
0.9865
0.982
1.9595
0
0
0
0
0.9865
0
0
0
0.9865
0.973
0
0.9865
0
0.973
2.955
0
0
0.9865
2.901
0
1.9055
0.973
1.9775
4.73
3.9145
3.7704999999999997
3.8245000000000005
3.784
4.7615
6.676
4.856
7.73
5.892
9.667
11.5815
6.82
9.541
12.459999999999999
11.549999999999999
6.7885
10.644499999999999
12.478000000000002
11.514
15.5185
17.370000000000005
14.491499999999998
10.6265
16.307
21.145
17.1855
18.194499999999998
20.915499999999998
23.068500000000004
20.1765
19.243999999999993
21.960499999999996
22.1135
16.37
21.1225
20.109
21.987499999999997
18.2755
20.162999999999997
27.568999999999996
19.172
23.019000000000002
22.848
20.2575
22.073
26.888499999999997
20.226
28.68149999999999
23.9965
22.127
25.978499999999993
20.266499999999997
20.2845
22.1135
22.919999999999998
24.9425
21.046
24.942499999999992
20.226
23.924500000000002
24.7985
22.108999999999995
21.032499999999995
26.79849999999999
26.848
25.820999999999998
28.780499999999993
24.910999999999994
21.095499999999998
30.559999999999988
24.983
21.248499999999996
24.9335
25.847999999999992
22.866000000000003
27.766999999999996
26.83899999999999
27.856999999999992
