0.99296875
5.9085937500000005
17.47265625
18.437500000000004
14.592187500000001
34.46015625
28.83984375
30.903125000000003
33.565625000000004
46.94687499999998
41.368750000000006
52.03125
53.85546874999999
59.33515624999999
61.4125
58.503906249999986
62.405468750000004
62.36328125
68.83593749999999
69.96249999999999
69.64609375000002
69.0046875
66.94140625000001
65.26484375
64.3421875
63.45468749999998
28.1984375
36.973437499999996
46.614843750000006
46.481249999999996
53.199999999999996
56.85546875
68.03281249999999
73.71640624999999
65.06796875
77.28046875
67.00468749999999
76.23828125
65.49140625
65.26484374999998
66.33515624999997
65.934375
71.8078125
