63.561718749999976
68.25234374999997
64.42812500000001
69.92187499999996
64.6390625
66.49140625
67.33671874999997
76.18906250000002
73.22421874999998
72.42812500000001
69.37187500000002
65.68828124999999
68.63203125
65.74453125000001
64.03281249999999
70.54062499999999
72.13281249999999
73.44921875
65.94843750000001
68.66015625000001
76.40703124999997
65.86406250000002
73.46328124999998
66.70937500000001
71.99765624999999
77.00625
72.61796874999999
68.77265625000001
69.7796875
66.20156250000001
77.18203125000002
76.04843749999999
72.6109375
69.99765625000002
75.46328125
70.66718749999998
71.69531249999999
71.45625000000001
84.54921875000001
78.80937499999999
77.15390624999999
70.54765624999997
82.76718749999996
76.9640625
81.54218749999997
80.54921875
