0.9775
4.874
11.487
21.140500000000003
27.919999999999995
33.596
36.56449999999999
33.82549999999999
43.27199999999998
45.96599999999998
49.74549999999997
44.09199999999997
45.20449999999998
54.53399999999996
49.95249999999998
47.95249999999998
51.001999999999974
47.30349999999998
50.11449999999997
54.96599999999995
51.893999999999956
54.77699999999997
56.704999999999956
57.70049999999996
67.25049999999995
57.655499999999954
62.63749999999995
55.91649999999996
52.11899999999996
54.21799999999997
61.628499999999946
53.83549999999996
56.78149999999996
58.44849999999995
54.754499999999965
55.952499999999965
59.64649999999996
54.961499999999965
62.58799999999996
62.50699999999995
52.790499999999966
63.11999999999995
62.49349999999994
67.89499999999994
67.88599999999995
65.97599999999994
58.49349999999996
61.56999999999995
58.74549999999994
50.27649999999996
60.46649999999996
45.51499999999998
46.52849999999998
34.09099999999999
39.009999999999984
29.257499999999993
42.62299999999998
38.83449999999999
47.54199999999997
40.703999999999986
52.25849999999998
57.95699999999996
46.54649999999997
54.19549999999996
59.75449999999995
65.55199999999995
41.69949999999998
50.22249999999997
49.118999999999964
46.438499999999976
59.73199999999996
65.32249999999993
62.59249999999996
63.619499999999945
60.484499999999954
61.601499999999945
63.430499999999945
56.74099999999995
63.66899999999994
68.14699999999995
54.94799999999996
63.722999999999956
61.596999999999944
52.307999999999964
54.03799999999997
62.448499999999946
